TES3MP_CHARACTERS_V2
# Derived from the installed Morrowind.esm whose SHA-256 is the manifest below.
# CharGen starts with: Player->PositionCell 61,-135,24,340,"Imperial Prison Ship".
# Appearances are the exact race-dialog-selectable cross-products from the pinned ESM.
# Appearance sex uses the protocol encoding: female 0, male 1.
manifest 5c3c8c2cbd20e25901b59b3ece33d36b7ef0e3d60ad8d11828bcc61a5ead1647
spawn interior 1 62464 -138240 24576 0 0 4056358002
# CharGenDoorExitCaptain releases the player through this exterior destination.
completion_spawn exterior 4 -2 -9 -10443674 -73251021 237568 0 0 536870912
race 3835026611980321777 40 30 30 40 40 50 40 40 50 30 30 40 40 50 30 40 0 0 5 5 5 15 5 0 5 0 0 0 0 0 0 0 0 0 0 0 0 0 5 0 0 0 0 3 7643797531547217370 3987288878113083718 18189063994319410164
race 7341676071149937664 40 40 30 40 50 30 40 40 40 40 30 40 50 40 30 40 0 0 0 0 0 5 0 0 5 0 10 0 0 0 5 0 0 0 0 0 0 5 10 5 0 0 0 2 6230441717677603075 5310477208874476462
race 1464905433470860924 40 40 40 30 30 40 50 40 40 40 30 30 40 40 50 40 0 0 0 0 5 10 0 0 0 0 0 0 0 0 0 0 0 0 0 0 0 5 0 0 10 10 5 2 18367208143609241444 3236898957312716985
race 6125934357269532469 30 50 50 30 40 30 40 40 40 50 50 30 30 30 40 40 0 0 0 0 0 0 0 0 0 0 0 5 5 10 10 10 5 0 0 0 0 0 0 0 0 0 0 3 14416930065244380693 4221880780759253596 13257364459608509823
race 4315880809535373748 50 30 50 30 40 40 30 40 50 30 40 30 40 50 30 40 0 0 10 5 10 5 10 5 0 0 0 0 0 0 0 0 0 0 0 0 0 0 0 0 0 0 0 4 1109769038924093763 5733379888312840023 8111821814232626206 7678649336071696533
race 14362898786059139925 30 40 30 50 50 30 40 40 30 40 30 50 50 30 40 40 0 0 0 0 0 0 0 0 0 0 0 0 0 0 0 0 5 0 0 10 5 10 0 15 0 0 0 2 7643797531547217370 50991206575514456
race 17942217688592083112 30 50 40 40 40 30 40 40 30 50 40 40 30 40 40 40 0 0 0 0 0 0 0 0 0 10 10 5 5 5 0 0 10 0 0 0 0 0 0 0 0 0 0 6 9438252809474713524 16282113205102873883 11885905206549127414 3956722751885316400 12629161509838478752 7643797531547217370
race 16449910339782318657 30 40 30 50 40 40 40 40 40 40 30 50 40 30 40 40 0 0 0 0 0 0 0 0 5 0 0 0 0 0 0 0 0 0 5 5 15 5 5 0 0 0 5 2 5537001874468250073 15717186693907384095
race 3189233403508779674 40 50 40 40 40 30 30 40 40 40 30 50 50 30 30 40 0 0 5 0 0 0 0 5 15 0 0 0 5 0 5 0 5 5 0 0 0 0 0 0 0 0 0 3 7643797531547217370 10753988943491141947 4288534483058842280
race 1872248507717363237 45 40 45 35 30 50 25 40 45 30 50 35 30 50 30 40 10 10 10 10 0 0 5 0 0 0 0 0 0 0 0 0 0 0 0 0 0 0 0 0 0 0 0 2 4220892319805681132 2404733659701797876
appearance 7341676071149937664 11299439226986375735 3843492829321912261 1
appearance 7341676071149937664 11299439226986375735 3843489530787027628 1
appearance 7341676071149937664 11299439226986375735 3843490630298655839 1
appearance 7341676071149937664 11299439226986375735 3843487331763771206 1
appearance 7341676071149937664 11299439226986375735 3843488431275399417 1
appearance 7341676071149937664 11299439226986375735 3843485132740514784 1
appearance 7341676071149937664 11299439226986375735 3844483489298741147 1
appearance 7341676071149937664 11299439226986375735 3844482389787112936 1
appearance 7341676071149937664 11299439226986375735 3844485688321997569 1
appearance 7341676071149937664 11299439226986375735 3844484588810369358 1
appearance 7341676071149937664 11299439226986375735 3844487887345253991 1
appearance 7341676071149937664 11299439226986375735 3844486787833625780 1
appearance 7341676071149937664 11299439226986375735 3844490086368510413 1
appearance 7341676071149937664 11299439226986375735 3844488986856882202 1
appearance 7341676071149937664 11299439226986375735 3844474693205715459 1
appearance 7341676071149937664 11299439226986375735 3844473593694087248 1
appearance 7341676071149937664 11299439226986375735 3841509310344998067 1
appearance 7341676071149937664 11299439226986375735 3841510409856626278 1
appearance 7341676071149937664 11299439226986375735 3841511509368254489 1
appearance 7341676071149937664 11299439226986375735 3841512608879882700 1
appearance 7341676071149937664 11299439226986375735 3841513708391510911 1
appearance 7341676071149937664 11299439226986375735 3841514807903139122 1
appearance 7341676071149937664 11299440326498003946 3843492829321912261 1
appearance 7341676071149937664 11299440326498003946 3843489530787027628 1
appearance 7341676071149937664 11299440326498003946 3843490630298655839 1
appearance 7341676071149937664 11299440326498003946 3843487331763771206 1
appearance 7341676071149937664 11299440326498003946 3843488431275399417 1
appearance 7341676071149937664 11299440326498003946 3843485132740514784 1
appearance 7341676071149937664 11299440326498003946 3844483489298741147 1
appearance 7341676071149937664 11299440326498003946 3844482389787112936 1
appearance 7341676071149937664 11299440326498003946 3844485688321997569 1
appearance 7341676071149937664 11299440326498003946 3844484588810369358 1
appearance 7341676071149937664 11299440326498003946 3844487887345253991 1
appearance 7341676071149937664 11299440326498003946 3844486787833625780 1
appearance 7341676071149937664 11299440326498003946 3844490086368510413 1
appearance 7341676071149937664 11299440326498003946 3844488986856882202 1
appearance 7341676071149937664 11299440326498003946 3844474693205715459 1
appearance 7341676071149937664 11299440326498003946 3844473593694087248 1
appearance 7341676071149937664 11299440326498003946 3841509310344998067 1
appearance 7341676071149937664 11299440326498003946 3841510409856626278 1
appearance 7341676071149937664 11299440326498003946 3841511509368254489 1
appearance 7341676071149937664 11299440326498003946 3841512608879882700 1
appearance 7341676071149937664 11299440326498003946 3841513708391510911 1
appearance 7341676071149937664 11299440326498003946 3841514807903139122 1
appearance 7341676071149937664 11299441426009632157 3843492829321912261 1
appearance 7341676071149937664 11299441426009632157 3843489530787027628 1
appearance 7341676071149937664 11299441426009632157 3843490630298655839 1
appearance 7341676071149937664 11299441426009632157 3843487331763771206 1
appearance 7341676071149937664 11299441426009632157 3843488431275399417 1
appearance 7341676071149937664 11299441426009632157 3843485132740514784 1
appearance 7341676071149937664 11299441426009632157 3844483489298741147 1
appearance 7341676071149937664 11299441426009632157 3844482389787112936 1
appearance 7341676071149937664 11299441426009632157 3844485688321997569 1
appearance 7341676071149937664 11299441426009632157 3844484588810369358 1
appearance 7341676071149937664 11299441426009632157 3844487887345253991 1
appearance 7341676071149937664 11299441426009632157 3844486787833625780 1
appearance 7341676071149937664 11299441426009632157 3844490086368510413 1
appearance 7341676071149937664 11299441426009632157 3844488986856882202 1
appearance 7341676071149937664 11299441426009632157 3844474693205715459 1
appearance 7341676071149937664 11299441426009632157 3844473593694087248 1
appearance 7341676071149937664 11299441426009632157 3841509310344998067 1
appearance 7341676071149937664 11299441426009632157 3841510409856626278 1
appearance 7341676071149937664 11299441426009632157 3841511509368254489 1
appearance 7341676071149937664 11299441426009632157 3841512608879882700 1
appearance 7341676071149937664 11299441426009632157 3841513708391510911 1
appearance 7341676071149937664 11299441426009632157 3841514807903139122 1
appearance 7341676071149937664 11299433729428234680 3843492829321912261 1
appearance 7341676071149937664 11299433729428234680 3843489530787027628 1
appearance 7341676071149937664 11299433729428234680 3843490630298655839 1
appearance 7341676071149937664 11299433729428234680 3843487331763771206 1
appearance 7341676071149937664 11299433729428234680 3843488431275399417 1
appearance 7341676071149937664 11299433729428234680 3843485132740514784 1
appearance 7341676071149937664 11299433729428234680 3844483489298741147 1
appearance 7341676071149937664 11299433729428234680 3844482389787112936 1
appearance 7341676071149937664 11299433729428234680 3844485688321997569 1
appearance 7341676071149937664 11299433729428234680 3844484588810369358 1
appearance 7341676071149937664 11299433729428234680 3844487887345253991 1
appearance 7341676071149937664 11299433729428234680 3844486787833625780 1
appearance 7341676071149937664 11299433729428234680 3844490086368510413 1
appearance 7341676071149937664 11299433729428234680 3844488986856882202 1
appearance 7341676071149937664 11299433729428234680 3844474693205715459 1
appearance 7341676071149937664 11299433729428234680 3844473593694087248 1
appearance 7341676071149937664 11299433729428234680 3841509310344998067 1
appearance 7341676071149937664 11299433729428234680 3841510409856626278 1
appearance 7341676071149937664 11299433729428234680 3841511509368254489 1
appearance 7341676071149937664 11299433729428234680 3841512608879882700 1
appearance 7341676071149937664 11299433729428234680 3841513708391510911 1
appearance 7341676071149937664 11299433729428234680 3841514807903139122 1
appearance 7341676071149937664 11299434828939862891 3843492829321912261 1
appearance 7341676071149937664 11299434828939862891 3843489530787027628 1
appearance 7341676071149937664 11299434828939862891 3843490630298655839 1
appearance 7341676071149937664 11299434828939862891 3843487331763771206 1
appearance 7341676071149937664 11299434828939862891 3843488431275399417 1
appearance 7341676071149937664 11299434828939862891 3843485132740514784 1
appearance 7341676071149937664 11299434828939862891 3844483489298741147 1
appearance 7341676071149937664 11299434828939862891 3844482389787112936 1
appearance 7341676071149937664 11299434828939862891 3844485688321997569 1
appearance 7341676071149937664 11299434828939862891 3844484588810369358 1
appearance 7341676071149937664 11299434828939862891 3844487887345253991 1
appearance 7341676071149937664 11299434828939862891 3844486787833625780 1
appearance 7341676071149937664 11299434828939862891 3844490086368510413 1
appearance 7341676071149937664 11299434828939862891 3844488986856882202 1
appearance 7341676071149937664 11299434828939862891 3844474693205715459 1
appearance 7341676071149937664 11299434828939862891 3844473593694087248 1
appearance 7341676071149937664 11299434828939862891 3841509310344998067 1
appearance 7341676071149937664 11299434828939862891 3841510409856626278 1
appearance 7341676071149937664 11299434828939862891 3841511509368254489 1
appearance 7341676071149937664 11299434828939862891 3841512608879882700 1
appearance 7341676071149937664 11299434828939862891 3841513708391510911 1
appearance 7341676071149937664 11299434828939862891 3841514807903139122 1
appearance 7341676071149937664 11299435928451491102 3843492829321912261 1
appearance 7341676071149937664 11299435928451491102 3843489530787027628 1
appearance 7341676071149937664 11299435928451491102 3843490630298655839 1
appearance 7341676071149937664 11299435928451491102 3843487331763771206 1
appearance 7341676071149937664 11299435928451491102 3843488431275399417 1
appearance 7341676071149937664 11299435928451491102 3843485132740514784 1
appearance 7341676071149937664 11299435928451491102 3844483489298741147 1
appearance 7341676071149937664 11299435928451491102 3844482389787112936 1
appearance 7341676071149937664 11299435928451491102 3844485688321997569 1
appearance 7341676071149937664 11299435928451491102 3844484588810369358 1
appearance 7341676071149937664 11299435928451491102 3844487887345253991 1
appearance 7341676071149937664 11299435928451491102 3844486787833625780 1
appearance 7341676071149937664 11299435928451491102 3844490086368510413 1
appearance 7341676071149937664 11299435928451491102 3844488986856882202 1
appearance 7341676071149937664 11299435928451491102 3844474693205715459 1
appearance 7341676071149937664 11299435928451491102 3844473593694087248 1
appearance 7341676071149937664 11299435928451491102 3841509310344998067 1
appearance 7341676071149937664 11299435928451491102 3841510409856626278 1
appearance 7341676071149937664 11299435928451491102 3841511509368254489 1
appearance 7341676071149937664 11299435928451491102 3841512608879882700 1
appearance 7341676071149937664 11299435928451491102 3841513708391510911 1
appearance 7341676071149937664 11299435928451491102 3841514807903139122 1
appearance 7341676071149937664 11299437027963119313 3843492829321912261 1
appearance 7341676071149937664 11299437027963119313 3843489530787027628 1
appearance 7341676071149937664 11299437027963119313 3843490630298655839 1
appearance 7341676071149937664 11299437027963119313 3843487331763771206 1
appearance 7341676071149937664 11299437027963119313 3843488431275399417 1
appearance 7341676071149937664 11299437027963119313 3843485132740514784 1
appearance 7341676071149937664 11299437027963119313 3844483489298741147 1
appearance 7341676071149937664 11299437027963119313 3844482389787112936 1
appearance 7341676071149937664 11299437027963119313 3844485688321997569 1
appearance 7341676071149937664 11299437027963119313 3844484588810369358 1
appearance 7341676071149937664 11299437027963119313 3844487887345253991 1
appearance 7341676071149937664 11299437027963119313 3844486787833625780 1
appearance 7341676071149937664 11299437027963119313 3844490086368510413 1
appearance 7341676071149937664 11299437027963119313 3844488986856882202 1
appearance 7341676071149937664 11299437027963119313 3844474693205715459 1
appearance 7341676071149937664 11299437027963119313 3844473593694087248 1
appearance 7341676071149937664 11299437027963119313 3841509310344998067 1
appearance 7341676071149937664 11299437027963119313 3841510409856626278 1
appearance 7341676071149937664 11299437027963119313 3841511509368254489 1
appearance 7341676071149937664 11299437027963119313 3841512608879882700 1
appearance 7341676071149937664 11299437027963119313 3841513708391510911 1
appearance 7341676071149937664 11299437027963119313 3841514807903139122 1
appearance 7341676071149937664 11299429331381721836 3843492829321912261 1
appearance 7341676071149937664 11299429331381721836 3843489530787027628 1
appearance 7341676071149937664 11299429331381721836 3843490630298655839 1
appearance 7341676071149937664 11299429331381721836 3843487331763771206 1
appearance 7341676071149937664 11299429331381721836 3843488431275399417 1
appearance 7341676071149937664 11299429331381721836 3843485132740514784 1
appearance 7341676071149937664 11299429331381721836 3844483489298741147 1
appearance 7341676071149937664 11299429331381721836 3844482389787112936 1
appearance 7341676071149937664 11299429331381721836 3844485688321997569 1
appearance 7341676071149937664 11299429331381721836 3844484588810369358 1
appearance 7341676071149937664 11299429331381721836 3844487887345253991 1
appearance 7341676071149937664 11299429331381721836 3844486787833625780 1
appearance 7341676071149937664 11299429331381721836 3844490086368510413 1
appearance 7341676071149937664 11299429331381721836 3844488986856882202 1
appearance 7341676071149937664 11299429331381721836 3844474693205715459 1
appearance 7341676071149937664 11299429331381721836 3844473593694087248 1
appearance 7341676071149937664 11299429331381721836 3841509310344998067 1
appearance 7341676071149937664 11299429331381721836 3841510409856626278 1
appearance 7341676071149937664 11299429331381721836 3841511509368254489 1
appearance 7341676071149937664 11299429331381721836 3841512608879882700 1
appearance 7341676071149937664 11299429331381721836 3841513708391510911 1
appearance 7341676071149937664 11299429331381721836 3841514807903139122 1
appearance 7341676071149937664 11299430430893350047 3843492829321912261 1
appearance 7341676071149937664 11299430430893350047 3843489530787027628 1
appearance 7341676071149937664 11299430430893350047 3843490630298655839 1
appearance 7341676071149937664 11299430430893350047 3843487331763771206 1
appearance 7341676071149937664 11299430430893350047 3843488431275399417 1
appearance 7341676071149937664 11299430430893350047 3843485132740514784 1
appearance 7341676071149937664 11299430430893350047 3844483489298741147 1
appearance 7341676071149937664 11299430430893350047 3844482389787112936 1
appearance 7341676071149937664 11299430430893350047 3844485688321997569 1
appearance 7341676071149937664 11299430430893350047 3844484588810369358 1
appearance 7341676071149937664 11299430430893350047 3844487887345253991 1
appearance 7341676071149937664 11299430430893350047 3844486787833625780 1
appearance 7341676071149937664 11299430430893350047 3844490086368510413 1
appearance 7341676071149937664 11299430430893350047 3844488986856882202 1
appearance 7341676071149937664 11299430430893350047 3844474693205715459 1
appearance 7341676071149937664 11299430430893350047 3844473593694087248 1
appearance 7341676071149937664 11299430430893350047 3841509310344998067 1
appearance 7341676071149937664 11299430430893350047 3841510409856626278 1
appearance 7341676071149937664 11299430430893350047 3841511509368254489 1
appearance 7341676071149937664 11299430430893350047 3841512608879882700 1
appearance 7341676071149937664 11299430430893350047 3841513708391510911 1
appearance 7341676071149937664 11299430430893350047 3841514807903139122 1
appearance 7341676071149937664 11300429886963204621 3843492829321912261 1
appearance 7341676071149937664 11300429886963204621 3843489530787027628 1
appearance 7341676071149937664 11300429886963204621 3843490630298655839 1
appearance 7341676071149937664 11300429886963204621 3843487331763771206 1
appearance 7341676071149937664 11300429886963204621 3843488431275399417 1
appearance 7341676071149937664 11300429886963204621 3843485132740514784 1
appearance 7341676071149937664 11300429886963204621 3844483489298741147 1
appearance 7341676071149937664 11300429886963204621 3844482389787112936 1
appearance 7341676071149937664 11300429886963204621 3844485688321997569 1
appearance 7341676071149937664 11300429886963204621 3844484588810369358 1
appearance 7341676071149937664 11300429886963204621 3844487887345253991 1
appearance 7341676071149937664 11300429886963204621 3844486787833625780 1
appearance 7341676071149937664 11300429886963204621 3844490086368510413 1
appearance 7341676071149937664 11300429886963204621 3844488986856882202 1
appearance 7341676071149937664 11300429886963204621 3844474693205715459 1
appearance 7341676071149937664 11300429886963204621 3844473593694087248 1
appearance 7341676071149937664 11300429886963204621 3841509310344998067 1
appearance 7341676071149937664 11300429886963204621 3841510409856626278 1
appearance 7341676071149937664 11300429886963204621 3841511509368254489 1
appearance 7341676071149937664 11300429886963204621 3841512608879882700 1
appearance 7341676071149937664 11300429886963204621 3841513708391510911 1
appearance 7341676071149937664 11300429886963204621 3841514807903139122 1
appearance 7341676071149937664 11300428787451576410 3843492829321912261 1
appearance 7341676071149937664 11300428787451576410 3843489530787027628 1
appearance 7341676071149937664 11300428787451576410 3843490630298655839 1
appearance 7341676071149937664 11300428787451576410 3843487331763771206 1
appearance 7341676071149937664 11300428787451576410 3843488431275399417 1
appearance 7341676071149937664 11300428787451576410 3843485132740514784 1
appearance 7341676071149937664 11300428787451576410 3844483489298741147 1
appearance 7341676071149937664 11300428787451576410 3844482389787112936 1
appearance 7341676071149937664 11300428787451576410 3844485688321997569 1
appearance 7341676071149937664 11300428787451576410 3844484588810369358 1
appearance 7341676071149937664 11300428787451576410 3844487887345253991 1
appearance 7341676071149937664 11300428787451576410 3844486787833625780 1
appearance 7341676071149937664 11300428787451576410 3844490086368510413 1
appearance 7341676071149937664 11300428787451576410 3844488986856882202 1
appearance 7341676071149937664 11300428787451576410 3844474693205715459 1
appearance 7341676071149937664 11300428787451576410 3844473593694087248 1
appearance 7341676071149937664 11300428787451576410 3841509310344998067 1
appearance 7341676071149937664 11300428787451576410 3841510409856626278 1
appearance 7341676071149937664 11300428787451576410 3841511509368254489 1
appearance 7341676071149937664 11300428787451576410 3841512608879882700 1
appearance 7341676071149937664 11300428787451576410 3841513708391510911 1
appearance 7341676071149937664 11300428787451576410 3841514807903139122 1
appearance 7341676071149937664 11300427687939948199 3843492829321912261 1
appearance 7341676071149937664 11300427687939948199 3843489530787027628 1
appearance 7341676071149937664 11300427687939948199 3843490630298655839 1
appearance 7341676071149937664 11300427687939948199 3843487331763771206 1
appearance 7341676071149937664 11300427687939948199 3843488431275399417 1
appearance 7341676071149937664 11300427687939948199 3843485132740514784 1
appearance 7341676071149937664 11300427687939948199 3844483489298741147 1
appearance 7341676071149937664 11300427687939948199 3844482389787112936 1
appearance 7341676071149937664 11300427687939948199 3844485688321997569 1
appearance 7341676071149937664 11300427687939948199 3844484588810369358 1
appearance 7341676071149937664 11300427687939948199 3844487887345253991 1
appearance 7341676071149937664 11300427687939948199 3844486787833625780 1
appearance 7341676071149937664 11300427687939948199 3844490086368510413 1
appearance 7341676071149937664 11300427687939948199 3844488986856882202 1
appearance 7341676071149937664 11300427687939948199 3844474693205715459 1
appearance 7341676071149937664 11300427687939948199 3844473593694087248 1
appearance 7341676071149937664 11300427687939948199 3841509310344998067 1
appearance 7341676071149937664 11300427687939948199 3841510409856626278 1
appearance 7341676071149937664 11300427687939948199 3841511509368254489 1
appearance 7341676071149937664 11300427687939948199 3841512608879882700 1
appearance 7341676071149937664 11300427687939948199 3841513708391510911 1
appearance 7341676071149937664 11300427687939948199 3841514807903139122 1
appearance 7341676071149937664 11300423289893435355 3843492829321912261 1
appearance 7341676071149937664 11300423289893435355 3843489530787027628 1
appearance 7341676071149937664 11300423289893435355 3843490630298655839 1
appearance 7341676071149937664 11300423289893435355 3843487331763771206 1
appearance 7341676071149937664 11300423289893435355 3843488431275399417 1
appearance 7341676071149937664 11300423289893435355 3843485132740514784 1
appearance 7341676071149937664 11300423289893435355 3844483489298741147 1
appearance 7341676071149937664 11300423289893435355 3844482389787112936 1
appearance 7341676071149937664 11300423289893435355 3844485688321997569 1
appearance 7341676071149937664 11300423289893435355 3844484588810369358 1
appearance 7341676071149937664 11300423289893435355 3844487887345253991 1
appearance 7341676071149937664 11300423289893435355 3844486787833625780 1
appearance 7341676071149937664 11300423289893435355 3844490086368510413 1
appearance 7341676071149937664 11300423289893435355 3844488986856882202 1
appearance 7341676071149937664 11300423289893435355 3844474693205715459 1
appearance 7341676071149937664 11300423289893435355 3844473593694087248 1
appearance 7341676071149937664 11300423289893435355 3841509310344998067 1
appearance 7341676071149937664 11300423289893435355 3841510409856626278 1
appearance 7341676071149937664 11300423289893435355 3841511509368254489 1
appearance 7341676071149937664 11300423289893435355 3841512608879882700 1
appearance 7341676071149937664 11300423289893435355 3841513708391510911 1
appearance 7341676071149937664 11300423289893435355 3841514807903139122 1
appearance 7341676071149937664 11300424389405063566 3843492829321912261 1
appearance 7341676071149937664 11300424389405063566 3843489530787027628 1
appearance 7341676071149937664 11300424389405063566 3843490630298655839 1
appearance 7341676071149937664 11300424389405063566 3843487331763771206 1
appearance 7341676071149937664 11300424389405063566 3843488431275399417 1
appearance 7341676071149937664 11300424389405063566 3843485132740514784 1
appearance 7341676071149937664 11300424389405063566 3844483489298741147 1
appearance 7341676071149937664 11300424389405063566 3844482389787112936 1
appearance 7341676071149937664 11300424389405063566 3844485688321997569 1
appearance 7341676071149937664 11300424389405063566 3844484588810369358 1
appearance 7341676071149937664 11300424389405063566 3844487887345253991 1
appearance 7341676071149937664 11300424389405063566 3844486787833625780 1
appearance 7341676071149937664 11300424389405063566 3844490086368510413 1
appearance 7341676071149937664 11300424389405063566 3844488986856882202 1
appearance 7341676071149937664 11300424389405063566 3844474693205715459 1
appearance 7341676071149937664 11300424389405063566 3844473593694087248 1
appearance 7341676071149937664 11300424389405063566 3841509310344998067 1
appearance 7341676071149937664 11300424389405063566 3841510409856626278 1
appearance 7341676071149937664 11300424389405063566 3841511509368254489 1
appearance 7341676071149937664 11300424389405063566 3841512608879882700 1
appearance 7341676071149937664 11300424389405063566 3841513708391510911 1
appearance 7341676071149937664 11300424389405063566 3841514807903139122 1
appearance 7341676071149937664 11300425488916691777 3843492829321912261 1
appearance 7341676071149937664 11300425488916691777 3843489530787027628 1
appearance 7341676071149937664 11300425488916691777 3843490630298655839 1
appearance 7341676071149937664 11300425488916691777 3843487331763771206 1
appearance 7341676071149937664 11300425488916691777 3843488431275399417 1
appearance 7341676071149937664 11300425488916691777 3843485132740514784 1
appearance 7341676071149937664 11300425488916691777 3844483489298741147 1
appearance 7341676071149937664 11300425488916691777 3844482389787112936 1
appearance 7341676071149937664 11300425488916691777 3844485688321997569 1
appearance 7341676071149937664 11300425488916691777 3844484588810369358 1
appearance 7341676071149937664 11300425488916691777 3844487887345253991 1
appearance 7341676071149937664 11300425488916691777 3844486787833625780 1
appearance 7341676071149937664 11300425488916691777 3844490086368510413 1
appearance 7341676071149937664 11300425488916691777 3844488986856882202 1
appearance 7341676071149937664 11300425488916691777 3844474693205715459 1
appearance 7341676071149937664 11300425488916691777 3844473593694087248 1
appearance 7341676071149937664 11300425488916691777 3841509310344998067 1
appearance 7341676071149937664 11300425488916691777 3841510409856626278 1
appearance 7341676071149937664 11300425488916691777 3841511509368254489 1
appearance 7341676071149937664 11300425488916691777 3841512608879882700 1
appearance 7341676071149937664 11300425488916691777 3841513708391510911 1
appearance 7341676071149937664 11300425488916691777 3841514807903139122 1
appearance 7341676071149937664 11300426588428319988 3843492829321912261 1
appearance 7341676071149937664 11300426588428319988 3843489530787027628 1
appearance 7341676071149937664 11300426588428319988 3843490630298655839 1
appearance 7341676071149937664 11300426588428319988 3843487331763771206 1
appearance 7341676071149937664 11300426588428319988 3843488431275399417 1
appearance 7341676071149937664 11300426588428319988 3843485132740514784 1
appearance 7341676071149937664 11300426588428319988 3844483489298741147 1
appearance 7341676071149937664 11300426588428319988 3844482389787112936 1
appearance 7341676071149937664 11300426588428319988 3844485688321997569 1
appearance 7341676071149937664 11300426588428319988 3844484588810369358 1
appearance 7341676071149937664 11300426588428319988 3844487887345253991 1
appearance 7341676071149937664 11300426588428319988 3844486787833625780 1
appearance 7341676071149937664 11300426588428319988 3844490086368510413 1
appearance 7341676071149937664 11300426588428319988 3844488986856882202 1
appearance 7341676071149937664 11300426588428319988 3844474693205715459 1
appearance 7341676071149937664 11300426588428319988 3844473593694087248 1
appearance 7341676071149937664 11300426588428319988 3841509310344998067 1
appearance 7341676071149937664 11300426588428319988 3841510409856626278 1
appearance 7341676071149937664 11300426588428319988 3841511509368254489 1
appearance 7341676071149937664 11300426588428319988 3841512608879882700 1
appearance 7341676071149937664 11300426588428319988 3841513708391510911 1
appearance 7341676071149937664 11300426588428319988 3841514807903139122 1
appearance 7341676071149937664 11300422190381807144 3843492829321912261 1
appearance 7341676071149937664 11300422190381807144 3843489530787027628 1
appearance 7341676071149937664 11300422190381807144 3843490630298655839 1
appearance 7341676071149937664 11300422190381807144 3843487331763771206 1
appearance 7341676071149937664 11300422190381807144 3843488431275399417 1
appearance 7341676071149937664 11300422190381807144 3843485132740514784 1
appearance 7341676071149937664 11300422190381807144 3844483489298741147 1
appearance 7341676071149937664 11300422190381807144 3844482389787112936 1
appearance 7341676071149937664 11300422190381807144 3844485688321997569 1
appearance 7341676071149937664 11300422190381807144 3844484588810369358 1
appearance 7341676071149937664 11300422190381807144 3844487887345253991 1
appearance 7341676071149937664 11300422190381807144 3844486787833625780 1
appearance 7341676071149937664 11300422190381807144 3844490086368510413 1
appearance 7341676071149937664 11300422190381807144 3844488986856882202 1
appearance 7341676071149937664 11300422190381807144 3844474693205715459 1
appearance 7341676071149937664 11300422190381807144 3844473593694087248 1
appearance 7341676071149937664 11300422190381807144 3841509310344998067 1
appearance 7341676071149937664 11300422190381807144 3841510409856626278 1
appearance 7341676071149937664 11300422190381807144 3841511509368254489 1
appearance 7341676071149937664 11300422190381807144 3841512608879882700 1
appearance 7341676071149937664 11300422190381807144 3841513708391510911 1
appearance 7341676071149937664 11300422190381807144 3841514807903139122 1
appearance 7341676071149937664 4556706085516806590 14199125287107258020 0
appearance 7341676071149937664 4556706085516806590 14199128585642142653 0
appearance 7341676071149937664 4556706085516806590 14199127486130514442 0
appearance 7341676071149937664 4556706085516806590 14199121988572373387 0
appearance 7341676071149937664 4556706085516806590 14199120889060745176 0
appearance 7341676071149937664 4556706085516806590 14199123088084001598 0
appearance 7341676071149937664 4556706085516806590 14198276464130468353 0
appearance 7341676071149937664 4556706085516806590 14198273165595583720 0
appearance 7341676071149937664 4556706085516806590 14198274265107211931 0
appearance 7341676071149937664 4556706085516806590 14198279762665352986 0
appearance 7341676071149937664 4556706085516806590 14198280862176981197 0
appearance 7341676071149937664 4556706085516806590 14198277563642096564 0
appearance 7341676071149937664 4556706085516806590 14198278663153724775 0
appearance 7341676071149937664 4556706085516806590 14198266568525814454 0
appearance 7341676071149937664 4556706085516806590 14198267668037442665 0
appearance 7341676071149937664 4556706085516806590 14197283605130383045 0
appearance 7341676071149937664 4556706085516806590 14197282505618754834 0
appearance 7341676071149937664 4556706085516806590 14197281406107126623 0
appearance 7341676071149937664 4556706085516806590 14197280306595498412 0
appearance 7341676071149937664 4556706085516806590 14197279207083870201 0
appearance 7341676071149937664 4556704986005178379 14199125287107258020 0
appearance 7341676071149937664 4556704986005178379 14199128585642142653 0
appearance 7341676071149937664 4556704986005178379 14199127486130514442 0
appearance 7341676071149937664 4556704986005178379 14199121988572373387 0
appearance 7341676071149937664 4556704986005178379 14199120889060745176 0
appearance 7341676071149937664 4556704986005178379 14199123088084001598 0
appearance 7341676071149937664 4556704986005178379 14198276464130468353 0
appearance 7341676071149937664 4556704986005178379 14198273165595583720 0
appearance 7341676071149937664 4556704986005178379 14198274265107211931 0
appearance 7341676071149937664 4556704986005178379 14198279762665352986 0
appearance 7341676071149937664 4556704986005178379 14198280862176981197 0
appearance 7341676071149937664 4556704986005178379 14198277563642096564 0
appearance 7341676071149937664 4556704986005178379 14198278663153724775 0
appearance 7341676071149937664 4556704986005178379 14198266568525814454 0
appearance 7341676071149937664 4556704986005178379 14198267668037442665 0
appearance 7341676071149937664 4556704986005178379 14197283605130383045 0
appearance 7341676071149937664 4556704986005178379 14197282505618754834 0
appearance 7341676071149937664 4556704986005178379 14197281406107126623 0
appearance 7341676071149937664 4556704986005178379 14197280306595498412 0
appearance 7341676071149937664 4556704986005178379 14197279207083870201 0
appearance 7341676071149937664 4556703886493550168 14199125287107258020 0
appearance 7341676071149937664 4556703886493550168 14199128585642142653 0
appearance 7341676071149937664 4556703886493550168 14199127486130514442 0
appearance 7341676071149937664 4556703886493550168 14199121988572373387 0
appearance 7341676071149937664 4556703886493550168 14199120889060745176 0
appearance 7341676071149937664 4556703886493550168 14199123088084001598 0
appearance 7341676071149937664 4556703886493550168 14198276464130468353 0
appearance 7341676071149937664 4556703886493550168 14198273165595583720 0
appearance 7341676071149937664 4556703886493550168 14198274265107211931 0
appearance 7341676071149937664 4556703886493550168 14198279762665352986 0
appearance 7341676071149937664 4556703886493550168 14198280862176981197 0
appearance 7341676071149937664 4556703886493550168 14198277563642096564 0
appearance 7341676071149937664 4556703886493550168 14198278663153724775 0
appearance 7341676071149937664 4556703886493550168 14198266568525814454 0
appearance 7341676071149937664 4556703886493550168 14198267668037442665 0
appearance 7341676071149937664 4556703886493550168 14197283605130383045 0
appearance 7341676071149937664 4556703886493550168 14197282505618754834 0
appearance 7341676071149937664 4556703886493550168 14197281406107126623 0
appearance 7341676071149937664 4556703886493550168 14197280306595498412 0
appearance 7341676071149937664 4556703886493550168 14197279207083870201 0
appearance 7341676071149937664 4556711583074947645 14199125287107258020 0
appearance 7341676071149937664 4556711583074947645 14199128585642142653 0
appearance 7341676071149937664 4556711583074947645 14199127486130514442 0
appearance 7341676071149937664 4556711583074947645 14199121988572373387 0
appearance 7341676071149937664 4556711583074947645 14199120889060745176 0
appearance 7341676071149937664 4556711583074947645 14199123088084001598 0
appearance 7341676071149937664 4556711583074947645 14198276464130468353 0
appearance 7341676071149937664 4556711583074947645 14198273165595583720 0
appearance 7341676071149937664 4556711583074947645 14198274265107211931 0
appearance 7341676071149937664 4556711583074947645 14198279762665352986 0
appearance 7341676071149937664 4556711583074947645 14198280862176981197 0
appearance 7341676071149937664 4556711583074947645 14198277563642096564 0
appearance 7341676071149937664 4556711583074947645 14198278663153724775 0
appearance 7341676071149937664 4556711583074947645 14198266568525814454 0
appearance 7341676071149937664 4556711583074947645 14198267668037442665 0
appearance 7341676071149937664 4556711583074947645 14197283605130383045 0
appearance 7341676071149937664 4556711583074947645 14197282505618754834 0
appearance 7341676071149937664 4556711583074947645 14197281406107126623 0
appearance 7341676071149937664 4556711583074947645 14197280306595498412 0
appearance 7341676071149937664 4556711583074947645 14197279207083870201 0
appearance 7341676071149937664 4556710483563319434 14199125287107258020 0
appearance 7341676071149937664 4556710483563319434 14199128585642142653 0
appearance 7341676071149937664 4556710483563319434 14199127486130514442 0
appearance 7341676071149937664 4556710483563319434 14199121988572373387 0
appearance 7341676071149937664 4556710483563319434 14199120889060745176 0
appearance 7341676071149937664 4556710483563319434 14199123088084001598 0
appearance 7341676071149937664 4556710483563319434 14198276464130468353 0
appearance 7341676071149937664 4556710483563319434 14198273165595583720 0
appearance 7341676071149937664 4556710483563319434 14198274265107211931 0
appearance 7341676071149937664 4556710483563319434 14198279762665352986 0
appearance 7341676071149937664 4556710483563319434 14198280862176981197 0
appearance 7341676071149937664 4556710483563319434 14198277563642096564 0
appearance 7341676071149937664 4556710483563319434 14198278663153724775 0
appearance 7341676071149937664 4556710483563319434 14198266568525814454 0
appearance 7341676071149937664 4556710483563319434 14198267668037442665 0
appearance 7341676071149937664 4556710483563319434 14197283605130383045 0
appearance 7341676071149937664 4556710483563319434 14197282505618754834 0
appearance 7341676071149937664 4556710483563319434 14197281406107126623 0
appearance 7341676071149937664 4556710483563319434 14197280306595498412 0
appearance 7341676071149937664 4556710483563319434 14197279207083870201 0
appearance 7341676071149937664 4556709384051691223 14199125287107258020 0
appearance 7341676071149937664 4556709384051691223 14199128585642142653 0
appearance 7341676071149937664 4556709384051691223 14199127486130514442 0
appearance 7341676071149937664 4556709384051691223 14199121988572373387 0
appearance 7341676071149937664 4556709384051691223 14199120889060745176 0
appearance 7341676071149937664 4556709384051691223 14199123088084001598 0
appearance 7341676071149937664 4556709384051691223 14198276464130468353 0
appearance 7341676071149937664 4556709384051691223 14198273165595583720 0
appearance 7341676071149937664 4556709384051691223 14198274265107211931 0
appearance 7341676071149937664 4556709384051691223 14198279762665352986 0
appearance 7341676071149937664 4556709384051691223 14198280862176981197 0
appearance 7341676071149937664 4556709384051691223 14198277563642096564 0
appearance 7341676071149937664 4556709384051691223 14198278663153724775 0
appearance 7341676071149937664 4556709384051691223 14198266568525814454 0
appearance 7341676071149937664 4556709384051691223 14198267668037442665 0
appearance 7341676071149937664 4556709384051691223 14197283605130383045 0
appearance 7341676071149937664 4556709384051691223 14197282505618754834 0
appearance 7341676071149937664 4556709384051691223 14197281406107126623 0
appearance 7341676071149937664 4556709384051691223 14197280306595498412 0
appearance 7341676071149937664 4556709384051691223 14197279207083870201 0
appearance 7341676071149937664 4556708284540063012 14199125287107258020 0
appearance 7341676071149937664 4556708284540063012 14199128585642142653 0
appearance 7341676071149937664 4556708284540063012 14199127486130514442 0
appearance 7341676071149937664 4556708284540063012 14199121988572373387 0
appearance 7341676071149937664 4556708284540063012 14199120889060745176 0
appearance 7341676071149937664 4556708284540063012 14199123088084001598 0
appearance 7341676071149937664 4556708284540063012 14198276464130468353 0
appearance 7341676071149937664 4556708284540063012 14198273165595583720 0
appearance 7341676071149937664 4556708284540063012 14198274265107211931 0
appearance 7341676071149937664 4556708284540063012 14198279762665352986 0
appearance 7341676071149937664 4556708284540063012 14198280862176981197 0
appearance 7341676071149937664 4556708284540063012 14198277563642096564 0
appearance 7341676071149937664 4556708284540063012 14198278663153724775 0
appearance 7341676071149937664 4556708284540063012 14198266568525814454 0
appearance 7341676071149937664 4556708284540063012 14198267668037442665 0
appearance 7341676071149937664 4556708284540063012 14197283605130383045 0
appearance 7341676071149937664 4556708284540063012 14197282505618754834 0
appearance 7341676071149937664 4556708284540063012 14197281406107126623 0
appearance 7341676071149937664 4556708284540063012 14197280306595498412 0
appearance 7341676071149937664 4556708284540063012 14197279207083870201 0
appearance 7341676071149937664 4556698388935409113 14199125287107258020 0
appearance 7341676071149937664 4556698388935409113 14199128585642142653 0
appearance 7341676071149937664 4556698388935409113 14199127486130514442 0
appearance 7341676071149937664 4556698388935409113 14199121988572373387 0
appearance 7341676071149937664 4556698388935409113 14199120889060745176 0
appearance 7341676071149937664 4556698388935409113 14199123088084001598 0
appearance 7341676071149937664 4556698388935409113 14198276464130468353 0
appearance 7341676071149937664 4556698388935409113 14198273165595583720 0
appearance 7341676071149937664 4556698388935409113 14198274265107211931 0
appearance 7341676071149937664 4556698388935409113 14198279762665352986 0
appearance 7341676071149937664 4556698388935409113 14198280862176981197 0
appearance 7341676071149937664 4556698388935409113 14198277563642096564 0
appearance 7341676071149937664 4556698388935409113 14198278663153724775 0
appearance 7341676071149937664 4556698388935409113 14198266568525814454 0
appearance 7341676071149937664 4556698388935409113 14198267668037442665 0
appearance 7341676071149937664 4556698388935409113 14197283605130383045 0
appearance 7341676071149937664 4556698388935409113 14197282505618754834 0
appearance 7341676071149937664 4556698388935409113 14197281406107126623 0
appearance 7341676071149937664 4556698388935409113 14197280306595498412 0
appearance 7341676071149937664 4556698388935409113 14197279207083870201 0
appearance 7341676071149937664 4556697289423780902 14199125287107258020 0
appearance 7341676071149937664 4556697289423780902 14199128585642142653 0
appearance 7341676071149937664 4556697289423780902 14199127486130514442 0
appearance 7341676071149937664 4556697289423780902 14199121988572373387 0
appearance 7341676071149937664 4556697289423780902 14199120889060745176 0
appearance 7341676071149937664 4556697289423780902 14199123088084001598 0
appearance 7341676071149937664 4556697289423780902 14198276464130468353 0
appearance 7341676071149937664 4556697289423780902 14198273165595583720 0
appearance 7341676071149937664 4556697289423780902 14198274265107211931 0
appearance 7341676071149937664 4556697289423780902 14198279762665352986 0
appearance 7341676071149937664 4556697289423780902 14198280862176981197 0
appearance 7341676071149937664 4556697289423780902 14198277563642096564 0
appearance 7341676071149937664 4556697289423780902 14198278663153724775 0
appearance 7341676071149937664 4556697289423780902 14198266568525814454 0
appearance 7341676071149937664 4556697289423780902 14198267668037442665 0
appearance 7341676071149937664 4556697289423780902 14197283605130383045 0
appearance 7341676071149937664 4556697289423780902 14197282505618754834 0
appearance 7341676071149937664 4556697289423780902 14197281406107126623 0
appearance 7341676071149937664 4556697289423780902 14197280306595498412 0
appearance 7341676071149937664 4556697289423780902 14197279207083870201 0
appearance 7341676071149937664 4555856163028388712 14199125287107258020 0
appearance 7341676071149937664 4555856163028388712 14199128585642142653 0
appearance 7341676071149937664 4555856163028388712 14199127486130514442 0
appearance 7341676071149937664 4555856163028388712 14199121988572373387 0
appearance 7341676071149937664 4555856163028388712 14199120889060745176 0
appearance 7341676071149937664 4555856163028388712 14199123088084001598 0
appearance 7341676071149937664 4555856163028388712 14198276464130468353 0
appearance 7341676071149937664 4555856163028388712 14198273165595583720 0
appearance 7341676071149937664 4555856163028388712 14198274265107211931 0
appearance 7341676071149937664 4555856163028388712 14198279762665352986 0
appearance 7341676071149937664 4555856163028388712 14198280862176981197 0
appearance 7341676071149937664 4555856163028388712 14198277563642096564 0
appearance 7341676071149937664 4555856163028388712 14198278663153724775 0
appearance 7341676071149937664 4555856163028388712 14198266568525814454 0
appearance 7341676071149937664 4555856163028388712 14198267668037442665 0
appearance 7341676071149937664 4555856163028388712 14197283605130383045 0
appearance 7341676071149937664 4555856163028388712 14197282505618754834 0
appearance 7341676071149937664 4555856163028388712 14197281406107126623 0
appearance 7341676071149937664 4555856163028388712 14197280306595498412 0
appearance 7341676071149937664 4555856163028388712 14197279207083870201 0
appearance 1464905433470860924 841734006679944451 2409810936670864958 1
appearance 1464905433470860924 841734006679944451 2409812036182493169 1
appearance 1464905433470860924 841734006679944451 2409808737647608536 1
appearance 1464905433470860924 841734006679944451 2409809837159236747 1
appearance 1464905433470860924 841734006679944451 2409815334717377802 1
appearance 1464905433470860924 841734006679944451 2409816434229006013 1
appearance 1464905433470860924 841734006679944451 2409803240089467481 1
appearance 1464905433470860924 841734006679944451 2409802140577839270 1
appearance 1464905433470860924 841734006679944451 2409814235205749591 1
appearance 1464905433470860924 841734006679944451 2409813135694121380 1
appearance 1464905433470860924 841735106191572662 2409810936670864958 1
appearance 1464905433470860924 841735106191572662 2409812036182493169 1
appearance 1464905433470860924 841735106191572662 2409808737647608536 1
appearance 1464905433470860924 841735106191572662 2409809837159236747 1
appearance 1464905433470860924 841735106191572662 2409815334717377802 1
appearance 1464905433470860924 841735106191572662 2409816434229006013 1
appearance 1464905433470860924 841735106191572662 2409803240089467481 1
appearance 1464905433470860924 841735106191572662 2409802140577839270 1
appearance 1464905433470860924 841735106191572662 2409814235205749591 1
appearance 1464905433470860924 841735106191572662 2409813135694121380 1
appearance 1464905433470860924 841736205703200873 2409810936670864958 1
appearance 1464905433470860924 841736205703200873 2409812036182493169 1
appearance 1464905433470860924 841736205703200873 2409808737647608536 1
appearance 1464905433470860924 841736205703200873 2409809837159236747 1
appearance 1464905433470860924 841736205703200873 2409815334717377802 1
appearance 1464905433470860924 841736205703200873 2409816434229006013 1
appearance 1464905433470860924 841736205703200873 2409803240089467481 1
appearance 1464905433470860924 841736205703200873 2409802140577839270 1
appearance 1464905433470860924 841736205703200873 2409814235205749591 1
appearance 1464905433470860924 841736205703200873 2409813135694121380 1
appearance 1464905433470860924 841737305214829084 2409810936670864958 1
appearance 1464905433470860924 841737305214829084 2409812036182493169 1
appearance 1464905433470860924 841737305214829084 2409808737647608536 1
appearance 1464905433470860924 841737305214829084 2409809837159236747 1
appearance 1464905433470860924 841737305214829084 2409815334717377802 1
appearance 1464905433470860924 841737305214829084 2409816434229006013 1
appearance 1464905433470860924 841737305214829084 2409803240089467481 1
appearance 1464905433470860924 841737305214829084 2409802140577839270 1
appearance 1464905433470860924 841737305214829084 2409814235205749591 1
appearance 1464905433470860924 841737305214829084 2409813135694121380 1
appearance 1464905433470860924 841738404726457295 2409810936670864958 1
appearance 1464905433470860924 841738404726457295 2409812036182493169 1
appearance 1464905433470860924 841738404726457295 2409808737647608536 1
appearance 1464905433470860924 841738404726457295 2409809837159236747 1
appearance 1464905433470860924 841738404726457295 2409815334717377802 1
appearance 1464905433470860924 841738404726457295 2409816434229006013 1
appearance 1464905433470860924 841738404726457295 2409803240089467481 1
appearance 1464905433470860924 841738404726457295 2409802140577839270 1
appearance 1464905433470860924 841738404726457295 2409814235205749591 1
appearance 1464905433470860924 841738404726457295 2409813135694121380 1
appearance 1464905433470860924 841740603749713717 2409810936670864958 1
appearance 1464905433470860924 841740603749713717 2409812036182493169 1
appearance 1464905433470860924 841740603749713717 2409808737647608536 1
appearance 1464905433470860924 841740603749713717 2409809837159236747 1
appearance 1464905433470860924 841740603749713717 2409815334717377802 1
appearance 1464905433470860924 841740603749713717 2409816434229006013 1
appearance 1464905433470860924 841740603749713717 2409803240089467481 1
appearance 1464905433470860924 841740603749713717 2409802140577839270 1
appearance 1464905433470860924 841740603749713717 2409814235205749591 1
appearance 1464905433470860924 841740603749713717 2409813135694121380 1
appearance 1464905433470860924 841739504238085506 2409810936670864958 1
appearance 1464905433470860924 841739504238085506 2409812036182493169 1
appearance 1464905433470860924 841739504238085506 2409808737647608536 1
appearance 1464905433470860924 841739504238085506 2409809837159236747 1
appearance 1464905433470860924 841739504238085506 2409815334717377802 1
appearance 1464905433470860924 841739504238085506 2409816434229006013 1
appearance 1464905433470860924 841739504238085506 2409803240089467481 1
appearance 1464905433470860924 841739504238085506 2409802140577839270 1
appearance 1464905433470860924 841739504238085506 2409814235205749591 1
appearance 1464905433470860924 841739504238085506 2409813135694121380 1
appearance 1464905433470860924 6820437037126818026 12215860353105413641 0
appearance 1464905433470860924 6820437037126818026 12215857054570529008 0
appearance 1464905433470860924 6820437037126818026 12215859253593785430 0
appearance 1464905433470860924 6820437037126818026 12215862552128670063 0
appearance 1464905433470860924 6820437037126818026 12215861452617041852 0
appearance 1464905433470860924 6820437037126818026 12215863651640298274 0
appearance 1464905433470860924 6820437037126818026 12215864751151926485 0
appearance 1464905433470860924 6820435937615189815 12215860353105413641 0
appearance 1464905433470860924 6820435937615189815 12215857054570529008 0
appearance 1464905433470860924 6820435937615189815 12215859253593785430 0
appearance 1464905433470860924 6820435937615189815 12215862552128670063 0
appearance 1464905433470860924 6820435937615189815 12215861452617041852 0
appearance 1464905433470860924 6820435937615189815 12215863651640298274 0
appearance 1464905433470860924 6820435937615189815 12215864751151926485 0
appearance 1464905433470860924 6820434838103561604 12215860353105413641 0
appearance 1464905433470860924 6820434838103561604 12215857054570529008 0
appearance 1464905433470860924 6820434838103561604 12215859253593785430 0
appearance 1464905433470860924 6820434838103561604 12215862552128670063 0
appearance 1464905433470860924 6820434838103561604 12215861452617041852 0
appearance 1464905433470860924 6820434838103561604 12215863651640298274 0
appearance 1464905433470860924 6820434838103561604 12215864751151926485 0
appearance 1464905433470860924 6820433738591933393 12215860353105413641 0
appearance 1464905433470860924 6820433738591933393 12215857054570529008 0
appearance 1464905433470860924 6820433738591933393 12215859253593785430 0
appearance 1464905433470860924 6820433738591933393 12215862552128670063 0
appearance 1464905433470860924 6820433738591933393 12215861452617041852 0
appearance 1464905433470860924 6820433738591933393 12215863651640298274 0
appearance 1464905433470860924 6820433738591933393 12215864751151926485 0
appearance 1464905433470860924 6820432639080305182 12215860353105413641 0
appearance 1464905433470860924 6820432639080305182 12215857054570529008 0
appearance 1464905433470860924 6820432639080305182 12215859253593785430 0
appearance 1464905433470860924 6820432639080305182 12215862552128670063 0
appearance 1464905433470860924 6820432639080305182 12215861452617041852 0
appearance 1464905433470860924 6820432639080305182 12215863651640298274 0
appearance 1464905433470860924 6820432639080305182 12215864751151926485 0
appearance 1464905433470860924 6820430440057048760 12215860353105413641 0
appearance 1464905433470860924 6820430440057048760 12215857054570529008 0
appearance 1464905433470860924 6820430440057048760 12215859253593785430 0
appearance 1464905433470860924 6820430440057048760 12215862552128670063 0
appearance 1464905433470860924 6820430440057048760 12215861452617041852 0
appearance 1464905433470860924 6820430440057048760 12215863651640298274 0
appearance 1464905433470860924 6820430440057048760 12215864751151926485 0
appearance 1464905433470860924 6820431539568676971 12215860353105413641 0
appearance 1464905433470860924 6820431539568676971 12215857054570529008 0
appearance 1464905433470860924 6820431539568676971 12215859253593785430 0
appearance 1464905433470860924 6820431539568676971 12215862552128670063 0
appearance 1464905433470860924 6820431539568676971 12215861452617041852 0
appearance 1464905433470860924 6820431539568676971 12215863651640298274 0
appearance 1464905433470860924 6820431539568676971 12215864751151926485 0
appearance 6125934357269532469 17543201875541380918 15600788363501673964 1
appearance 6125934357269532469 17543201875541380918 15600790562524930386 1
appearance 6125934357269532469 17543201875541380918 15600791662036558597 1
appearance 6125934357269532469 17543201875541380918 15600789463013302175 1
appearance 6125934357269532469 17543201875541380918 15600785064966789331 1
appearance 6125934357269532469 17543201875541380918 15600783965455161120 1
appearance 6125934357269532469 17543200776029752707 15600788363501673964 1
appearance 6125934357269532469 17543200776029752707 15600790562524930386 1
appearance 6125934357269532469 17543200776029752707 15600791662036558597 1
appearance 6125934357269532469 17543200776029752707 15600789463013302175 1
appearance 6125934357269532469 17543200776029752707 15600785064966789331 1
appearance 6125934357269532469 17543200776029752707 15600783965455161120 1
appearance 6125934357269532469 17543199676518124496 15600788363501673964 1
appearance 6125934357269532469 17543199676518124496 15600790562524930386 1
appearance 6125934357269532469 17543199676518124496 15600791662036558597 1
appearance 6125934357269532469 17543199676518124496 15600789463013302175 1
appearance 6125934357269532469 17543199676518124496 15600785064966789331 1
appearance 6125934357269532469 17543199676518124496 15600783965455161120 1
appearance 6125934357269532469 17543207373099521973 15600788363501673964 1
appearance 6125934357269532469 17543207373099521973 15600790562524930386 1
appearance 6125934357269532469 17543207373099521973 15600791662036558597 1
appearance 6125934357269532469 17543207373099521973 15600789463013302175 1
appearance 6125934357269532469 17543207373099521973 15600785064966789331 1
appearance 6125934357269532469 17543207373099521973 15600783965455161120 1
appearance 6125934357269532469 17543206273587893762 15600788363501673964 1
appearance 6125934357269532469 17543206273587893762 15600790562524930386 1
appearance 6125934357269532469 17543206273587893762 15600791662036558597 1
appearance 6125934357269532469 17543206273587893762 15600789463013302175 1
appearance 6125934357269532469 17543206273587893762 15600785064966789331 1
appearance 6125934357269532469 17543206273587893762 15600783965455161120 1
appearance 6125934357269532469 17543205174076265551 15600788363501673964 1
appearance 6125934357269532469 17543205174076265551 15600790562524930386 1
appearance 6125934357269532469 17543205174076265551 15600791662036558597 1
appearance 6125934357269532469 17543205174076265551 15600789463013302175 1
appearance 6125934357269532469 17543205174076265551 15600785064966789331 1
appearance 6125934357269532469 17543205174076265551 15600783965455161120 1
appearance 6125934357269532469 17543204074564637340 15600788363501673964 1
appearance 6125934357269532469 17543204074564637340 15600790562524930386 1
appearance 6125934357269532469 17543204074564637340 15600791662036558597 1
appearance 6125934357269532469 17543204074564637340 15600789463013302175 1
appearance 6125934357269532469 17543204074564637340 15600785064966789331 1
appearance 6125934357269532469 17543204074564637340 15600783965455161120 1
appearance 6125934357269532469 1041550001104749023 4976948072389466301 0
appearance 6125934357269532469 1041550001104749023 4976944773854581668 0
appearance 6125934357269532469 1041550001104749023 4976945873366209879 0
appearance 6125934357269532469 1041550001104749023 4976942574831325246 0
appearance 6125934357269532469 1041550001104749023 4976943674342953457 0
appearance 6125934357269532469 1041551100616377234 4976948072389466301 0
appearance 6125934357269532469 1041551100616377234 4976944773854581668 0
appearance 6125934357269532469 1041551100616377234 4976945873366209879 0
appearance 6125934357269532469 1041551100616377234 4976942574831325246 0
appearance 6125934357269532469 1041551100616377234 4976943674342953457 0
appearance 6125934357269532469 1041552200128005445 4976948072389466301 0
appearance 6125934357269532469 1041552200128005445 4976944773854581668 0
appearance 6125934357269532469 1041552200128005445 4976945873366209879 0
appearance 6125934357269532469 1041552200128005445 4976942574831325246 0
appearance 6125934357269532469 1041552200128005445 4976943674342953457 0
appearance 6125934357269532469 1041544503546607968 4976948072389466301 0
appearance 6125934357269532469 1041544503546607968 4976944773854581668 0
appearance 6125934357269532469 1041544503546607968 4976945873366209879 0
appearance 6125934357269532469 1041544503546607968 4976942574831325246 0
appearance 6125934357269532469 1041544503546607968 4976943674342953457 0
appearance 6125934357269532469 1041545603058236179 4976948072389466301 0
appearance 6125934357269532469 1041545603058236179 4976944773854581668 0
appearance 6125934357269532469 1041545603058236179 4976945873366209879 0
appearance 6125934357269532469 1041545603058236179 4976942574831325246 0
appearance 6125934357269532469 1041545603058236179 4976943674342953457 0
appearance 6125934357269532469 1041546702569864390 4976948072389466301 0
appearance 6125934357269532469 1041546702569864390 4976944773854581668 0
appearance 6125934357269532469 1041546702569864390 4976945873366209879 0
appearance 6125934357269532469 1041546702569864390 4976942574831325246 0
appearance 6125934357269532469 1041546702569864390 4976943674342953457 0
appearance 3189233403508779674 13425250713673373253 1850031713975669632 1
appearance 3189233403508779674 13425250713673373253 1850035012510554265 1
appearance 3189233403508779674 13425250713673373253 1850033912998926054 1
appearance 3189233403508779674 13425250713673373253 1850037211533810687 1
appearance 3189233403508779674 13425250713673373253 1850036112022182476 1
appearance 3189233403508779674 13425250713673373253 1850039410557067109 1
appearance 3189233403508779674 13425247415138488620 1850031713975669632 1
appearance 3189233403508779674 13425247415138488620 1850035012510554265 1
appearance 3189233403508779674 13425247415138488620 1850033912998926054 1
appearance 3189233403508779674 13425247415138488620 1850037211533810687 1
appearance 3189233403508779674 13425247415138488620 1850036112022182476 1
appearance 3189233403508779674 13425247415138488620 1850039410557067109 1
appearance 3189233403508779674 13425248514650116831 1850031713975669632 1
appearance 3189233403508779674 13425248514650116831 1850035012510554265 1
appearance 3189233403508779674 13425248514650116831 1850033912998926054 1
appearance 3189233403508779674 13425248514650116831 1850037211533810687 1
appearance 3189233403508779674 13425248514650116831 1850036112022182476 1
appearance 3189233403508779674 13425248514650116831 1850039410557067109 1
appearance 3189233403508779674 570149656824653744 8762060499257221635 0
appearance 3189233403508779674 570149656824653744 8762061598768849846 0
appearance 3189233403508779674 570149656824653744 8762062698280478057 0
appearance 3189233403508779674 570149656824653744 8762063797792106268 0
appearance 3189233403508779674 570149656824653744 8762064897303734479 0
appearance 3189233403508779674 570152955359538377 8762060499257221635 0
appearance 3189233403508779674 570152955359538377 8762061598768849846 0
appearance 3189233403508779674 570152955359538377 8762062698280478057 0
appearance 3189233403508779674 570152955359538377 8762063797792106268 0
appearance 3189233403508779674 570152955359538377 8762064897303734479 0
appearance 3189233403508779674 570151855847910166 8762060499257221635 0
appearance 3189233403508779674 570151855847910166 8762061598768849846 0
appearance 3189233403508779674 570151855847910166 8762062698280478057 0
appearance 3189233403508779674 570151855847910166 8762063797792106268 0
appearance 3189233403508779674 570151855847910166 8762064897303734479 0
appearance 14362898786059139925 11690667336392117382 13199987414214135900 1
appearance 14362898786059139925 11690667336392117382 13199990712749020533 1
appearance 14362898786059139925 11690667336392117382 13199989613237392322 1
appearance 14362898786059139925 11690667336392117382 13199984115679251267 1
appearance 14362898786059139925 11690667336392117382 13199983016167623056 1
appearance 14362898786059139925 11690667336392117382 13199986314702507689 1
appearance 14362898786059139925 11690665137368860960 13199987414214135900 1
appearance 14362898786059139925 11690665137368860960 13199990712749020533 1
appearance 14362898786059139925 11690665137368860960 13199989613237392322 1
appearance 14362898786059139925 11690665137368860960 13199984115679251267 1
appearance 14362898786059139925 11690665137368860960 13199983016167623056 1
appearance 14362898786059139925 11690665137368860960 13199986314702507689 1
appearance 14362898786059139925 11690666236880489171 13199987414214135900 1
appearance 14362898786059139925 11690666236880489171 13199990712749020533 1
appearance 14362898786059139925 11690666236880489171 13199989613237392322 1
appearance 14362898786059139925 11690666236880489171 13199984115679251267 1
appearance 14362898786059139925 11690666236880489171 13199983016167623056 1
appearance 14362898786059139925 11690666236880489171 13199986314702507689 1
appearance 14362898786059139925 11690672833950258437 13199987414214135900 1
appearance 14362898786059139925 11690672833950258437 13199990712749020533 1
appearance 14362898786059139925 11690672833950258437 13199989613237392322 1
appearance 14362898786059139925 11690672833950258437 13199984115679251267 1
appearance 14362898786059139925 11690672833950258437 13199983016167623056 1
appearance 14362898786059139925 11690672833950258437 13199986314702507689 1
appearance 14362898786059139925 11690671734438630226 13199987414214135900 1
appearance 14362898786059139925 11690671734438630226 13199990712749020533 1
appearance 14362898786059139925 11690671734438630226 13199989613237392322 1
appearance 14362898786059139925 11690671734438630226 13199984115679251267 1
appearance 14362898786059139925 11690671734438630226 13199983016167623056 1
appearance 14362898786059139925 11690671734438630226 13199986314702507689 1
appearance 14362898786059139925 11690677231996771281 13199987414214135900 1
appearance 14362898786059139925 11690677231996771281 13199990712749020533 1
appearance 14362898786059139925 11690677231996771281 13199989613237392322 1
appearance 14362898786059139925 11690677231996771281 13199984115679251267 1
appearance 14362898786059139925 11690677231996771281 13199983016167623056 1
appearance 14362898786059139925 11690677231996771281 13199986314702507689 1
appearance 14362898786059139925 11690669535415373804 13199987414214135900 1
appearance 14362898786059139925 11690669535415373804 13199990712749020533 1
appearance 14362898786059139925 11690669535415373804 13199989613237392322 1
appearance 14362898786059139925 11690669535415373804 13199984115679251267 1
appearance 14362898786059139925 11690669535415373804 13199983016167623056 1
appearance 14362898786059139925 11690669535415373804 13199986314702507689 1
appearance 14362898786059139925 11690670634927002015 13199987414214135900 1
appearance 14362898786059139925 11690670634927002015 13199990712749020533 1
appearance 14362898786059139925 11690670634927002015 13199989613237392322 1
appearance 14362898786059139925 11690670634927002015 13199984115679251267 1
appearance 14362898786059139925 11690670634927002015 13199983016167623056 1
appearance 14362898786059139925 11690670634927002015 13199986314702507689 1
appearance 14362898786059139925 6764513289275033455 17426080175284613076 0
appearance 14362898786059139925 6764513289275033455 17426083473819497709 0
appearance 14362898786059139925 6764513289275033455 17426081274796241287 0
appearance 14362898786059139925 6764513289275033455 17426077976261356654 0
appearance 14362898786059139925 6764513289275033455 17426079075772984865 0
appearance 14362898786059139925 6764515488298289877 17426080175284613076 0
appearance 14362898786059139925 6764515488298289877 17426083473819497709 0
appearance 14362898786059139925 6764515488298289877 17426081274796241287 0
appearance 14362898786059139925 6764515488298289877 17426077976261356654 0
appearance 14362898786059139925 6764515488298289877 17426079075772984865 0
appearance 14362898786059139925 6764514388786661666 17426080175284613076 0
appearance 14362898786059139925 6764514388786661666 17426083473819497709 0
appearance 14362898786059139925 6764514388786661666 17426081274796241287 0
appearance 14362898786059139925 6764514388786661666 17426077976261356654 0
appearance 14362898786059139925 6764514388786661666 17426079075772984865 0
appearance 14362898786059139925 6764507791716892400 17426080175284613076 0
appearance 14362898786059139925 6764507791716892400 17426083473819497709 0
appearance 14362898786059139925 6764507791716892400 17426081274796241287 0
appearance 14362898786059139925 6764507791716892400 17426077976261356654 0
appearance 14362898786059139925 6764507791716892400 17426079075772984865 0
appearance 14362898786059139925 6764508891228520611 17426080175284613076 0
appearance 14362898786059139925 6764508891228520611 17426083473819497709 0
appearance 14362898786059139925 6764508891228520611 17426081274796241287 0
appearance 14362898786059139925 6764508891228520611 17426077976261356654 0
appearance 14362898786059139925 6764508891228520611 17426079075772984865 0
appearance 14362898786059139925 6764509990740148822 17426080175284613076 0
appearance 14362898786059139925 6764509990740148822 17426083473819497709 0
appearance 14362898786059139925 6764509990740148822 17426081274796241287 0
appearance 14362898786059139925 6764509990740148822 17426077976261356654 0
appearance 14362898786059139925 6764509990740148822 17426079075772984865 0
appearance 16449910339782318657 17274992195675614290 9305226298141925137 1
appearance 16449910339782318657 17274992195675614290 9305222999607040504 1
appearance 16449910339782318657 17274992195675614290 9305224099118668715 1
appearance 16449910339782318657 17274992195675614290 9305229596676809770 1
appearance 16449910339782318657 17274992195675614290 9305230696188437981 1
appearance 16449910339782318657 17274991096163986079 9305226298141925137 1
appearance 16449910339782318657 17274991096163986079 9305222999607040504 1
appearance 16449910339782318657 17274991096163986079 9305224099118668715 1
appearance 16449910339782318657 17274991096163986079 9305229596676809770 1
appearance 16449910339782318657 17274991096163986079 9305230696188437981 1
appearance 16449910339782318657 17274989996652357868 9305226298141925137 1
appearance 16449910339782318657 17274989996652357868 9305222999607040504 1
appearance 16449910339782318657 17274989996652357868 9305224099118668715 1
appearance 16449910339782318657 17274989996652357868 9305229596676809770 1
appearance 16449910339782318657 17274989996652357868 9305230696188437981 1
appearance 16449910339782318657 17274988897140729657 9305226298141925137 1
appearance 16449910339782318657 17274988897140729657 9305222999607040504 1
appearance 16449910339782318657 17274988897140729657 9305224099118668715 1
appearance 16449910339782318657 17274988897140729657 9305229596676809770 1
appearance 16449910339782318657 17274988897140729657 9305230696188437981 1
appearance 16449910339782318657 13031760036782854075 13955700867218636738 0
appearance 16449910339782318657 13031760036782854075 13955699767707008527 0
appearance 16449910339782318657 13031760036782854075 13955698668195380316 0
appearance 16449910339782318657 13031760036782854075 13955697568683752105 0
appearance 16449910339782318657 13031760036782854075 13955696469172123894 0
appearance 16449910339782318657 13031761136294482286 13955700867218636738 0
appearance 16449910339782318657 13031761136294482286 13955699767707008527 0
appearance 16449910339782318657 13031761136294482286 13955698668195380316 0
appearance 16449910339782318657 13031761136294482286 13955697568683752105 0
appearance 16449910339782318657 13031761136294482286 13955696469172123894 0
appearance 16449910339782318657 13031762235806110497 13955700867218636738 0
appearance 16449910339782318657 13031762235806110497 13955699767707008527 0
appearance 16449910339782318657 13031762235806110497 13955698668195380316 0
appearance 16449910339782318657 13031762235806110497 13955697568683752105 0
appearance 16449910339782318657 13031762235806110497 13955696469172123894 0
appearance 16449910339782318657 13031763335317738708 13955700867218636738 0
appearance 16449910339782318657 13031763335317738708 13955699767707008527 0
appearance 16449910339782318657 13031763335317738708 13955698668195380316 0
appearance 16449910339782318657 13031763335317738708 13955697568683752105 0
appearance 16449910339782318657 13031763335317738708 13955696469172123894 0
appearance 4315880809535373748 835635277462489745 3329911938080446444 1
appearance 4315880809535373748 835635277462489745 3329913037592074655 1
appearance 4315880809535373748 835635277462489745 3329914137103702866 1
appearance 4315880809535373748 835635277462489745 3329910838568818233 1
appearance 4315880809535373748 835635277462489745 3329909739057190022 1
appearance 4315880809535373748 835635277462489745 3329915236615331077 1
appearance 4315880809535373748 835635277462489745 3329907540033933600 1
appearance 4315880809535373748 835635277462489745 3329908639545561811 1
appearance 4315880809535373748 835636376974117956 3329911938080446444 1
appearance 4315880809535373748 835636376974117956 3329913037592074655 1
appearance 4315880809535373748 835636376974117956 3329914137103702866 1
appearance 4315880809535373748 835636376974117956 3329910838568818233 1
appearance 4315880809535373748 835636376974117956 3329909739057190022 1
appearance 4315880809535373748 835636376974117956 3329915236615331077 1
appearance 4315880809535373748 835636376974117956 3329907540033933600 1
appearance 4315880809535373748 835636376974117956 3329908639545561811 1
appearance 4315880809535373748 835633078439233323 3329911938080446444 1
appearance 4315880809535373748 835633078439233323 3329913037592074655 1
appearance 4315880809535373748 835633078439233323 3329914137103702866 1
appearance 4315880809535373748 835633078439233323 3329910838568818233 1
appearance 4315880809535373748 835633078439233323 3329909739057190022 1
appearance 4315880809535373748 835633078439233323 3329915236615331077 1
appearance 4315880809535373748 835633078439233323 3329907540033933600 1
appearance 4315880809535373748 835633078439233323 3329908639545561811 1
appearance 4315880809535373748 835634177950861534 3329911938080446444 1
appearance 4315880809535373748 835634177950861534 3329913037592074655 1
appearance 4315880809535373748 835634177950861534 3329914137103702866 1
appearance 4315880809535373748 835634177950861534 3329910838568818233 1
appearance 4315880809535373748 835634177950861534 3329909739057190022 1
appearance 4315880809535373748 835634177950861534 3329915236615331077 1
appearance 4315880809535373748 835634177950861534 3329907540033933600 1
appearance 4315880809535373748 835634177950861534 3329908639545561811 1
appearance 4315880809535373748 835637476485746167 3329911938080446444 1
appearance 4315880809535373748 835637476485746167 3329913037592074655 1
appearance 4315880809535373748 835637476485746167 3329914137103702866 1
appearance 4315880809535373748 835637476485746167 3329910838568818233 1
appearance 4315880809535373748 835637476485746167 3329909739057190022 1
appearance 4315880809535373748 835637476485746167 3329915236615331077 1
appearance 4315880809535373748 835637476485746167 3329907540033933600 1
appearance 4315880809535373748 835637476485746167 3329908639545561811 1
appearance 4315880809535373748 835638575997374378 3329911938080446444 1
appearance 4315880809535373748 835638575997374378 3329913037592074655 1
appearance 4315880809535373748 835638575997374378 3329914137103702866 1
appearance 4315880809535373748 835638575997374378 3329910838568818233 1
appearance 4315880809535373748 835638575997374378 3329909739057190022 1
appearance 4315880809535373748 835638575997374378 3329915236615331077 1
appearance 4315880809535373748 835638575997374378 3329907540033933600 1
appearance 4315880809535373748 835638575997374378 3329908639545561811 1
appearance 4315880809535373748 835623182834579424 3329911938080446444 1
appearance 4315880809535373748 835623182834579424 3329913037592074655 1
appearance 4315880809535373748 835623182834579424 3329914137103702866 1
appearance 4315880809535373748 835623182834579424 3329910838568818233 1
appearance 4315880809535373748 835623182834579424 3329909739057190022 1
appearance 4315880809535373748 835623182834579424 3329915236615331077 1
appearance 4315880809535373748 835623182834579424 3329907540033933600 1
appearance 4315880809535373748 835623182834579424 3329908639545561811 1
appearance 4315880809535373748 835639675509002589 3329911938080446444 1
appearance 4315880809535373748 835639675509002589 3329913037592074655 1
appearance 4315880809535373748 835639675509002589 3329914137103702866 1
appearance 4315880809535373748 835639675509002589 3329910838568818233 1
appearance 4315880809535373748 835639675509002589 3329909739057190022 1
appearance 4315880809535373748 835639675509002589 3329915236615331077 1
appearance 4315880809535373748 835639675509002589 3329907540033933600 1
appearance 4315880809535373748 835639675509002589 3329908639545561811 1
appearance 4315880809535373748 11885241353865683394 5871869898140284945 0
appearance 4315880809535373748 11885241353865683394 5871866599605400312 0
appearance 4315880809535373748 11885241353865683394 5871868798628656734 0
appearance 4315880809535373748 11885241353865683394 5871872097163541367 0
appearance 4315880809535373748 11885241353865683394 5871870997651913156 0
appearance 4315880809535373748 11885240254354055183 5871869898140284945 0
appearance 4315880809535373748 11885240254354055183 5871866599605400312 0
appearance 4315880809535373748 11885240254354055183 5871868798628656734 0
appearance 4315880809535373748 11885240254354055183 5871872097163541367 0
appearance 4315880809535373748 11885240254354055183 5871870997651913156 0
appearance 4315880809535373748 11885239154842426972 5871869898140284945 0
appearance 4315880809535373748 11885239154842426972 5871866599605400312 0
appearance 4315880809535373748 11885239154842426972 5871868798628656734 0
appearance 4315880809535373748 11885239154842426972 5871872097163541367 0
appearance 4315880809535373748 11885239154842426972 5871870997651913156 0
appearance 4315880809535373748 11885238055330798761 5871869898140284945 0
appearance 4315880809535373748 11885238055330798761 5871866599605400312 0
appearance 4315880809535373748 11885238055330798761 5871868798628656734 0
appearance 4315880809535373748 11885238055330798761 5871872097163541367 0
appearance 4315880809535373748 11885238055330798761 5871870997651913156 0
appearance 4315880809535373748 11885236955819170550 5871869898140284945 0
appearance 4315880809535373748 11885236955819170550 5871866599605400312 0
appearance 4315880809535373748 11885236955819170550 5871868798628656734 0
appearance 4315880809535373748 11885236955819170550 5871872097163541367 0
appearance 4315880809535373748 11885236955819170550 5871870997651913156 0
appearance 4315880809535373748 11885251249470337293 5871869898140284945 0
appearance 4315880809535373748 11885251249470337293 5871866599605400312 0
appearance 4315880809535373748 11885251249470337293 5871868798628656734 0
appearance 4315880809535373748 11885251249470337293 5871872097163541367 0
appearance 4315880809535373748 11885251249470337293 5871870997651913156 0
appearance 4315880809535373748 11885234756795914128 5871869898140284945 0
appearance 4315880809535373748 11885234756795914128 5871866599605400312 0
appearance 4315880809535373748 11885234756795914128 5871868798628656734 0
appearance 4315880809535373748 11885234756795914128 5871872097163541367 0
appearance 4315880809535373748 11885234756795914128 5871870997651913156 0
appearance 4315880809535373748 11885235856307542339 5871869898140284945 0
appearance 4315880809535373748 11885235856307542339 5871866599605400312 0
appearance 4315880809535373748 11885235856307542339 5871868798628656734 0
appearance 4315880809535373748 11885235856307542339 5871872097163541367 0
appearance 4315880809535373748 11885235856307542339 5871870997651913156 0
appearance 1872248507717363237 7260731253490670918 14230909803146235676 1
appearance 1872248507717363237 7260731253490670918 14230913101681120309 1
appearance 1872248507717363237 7260731253490670918 14230912002169492098 1
appearance 1872248507717363237 7260731253490670918 14230906504611351043 1
appearance 1872248507717363237 7260731253490670918 14230905405099722832 1
appearance 1872248507717363237 7260730153979042707 14230909803146235676 1
appearance 1872248507717363237 7260730153979042707 14230913101681120309 1
appearance 1872248507717363237 7260730153979042707 14230912002169492098 1
appearance 1872248507717363237 7260730153979042707 14230906504611351043 1
appearance 1872248507717363237 7260730153979042707 14230905405099722832 1
appearance 1872248507717363237 7260729054467414496 14230909803146235676 1
appearance 1872248507717363237 7260729054467414496 14230913101681120309 1
appearance 1872248507717363237 7260729054467414496 14230912002169492098 1
appearance 1872248507717363237 7260729054467414496 14230906504611351043 1
appearance 1872248507717363237 7260729054467414496 14230905405099722832 1
appearance 1872248507717363237 7260736751048811973 14230909803146235676 1
appearance 1872248507717363237 7260736751048811973 14230913101681120309 1
appearance 1872248507717363237 7260736751048811973 14230912002169492098 1
appearance 1872248507717363237 7260736751048811973 14230906504611351043 1
appearance 1872248507717363237 7260736751048811973 14230905405099722832 1
appearance 1872248507717363237 7604245691275695407 6026088159085971750 0
appearance 1872248507717363237 7604245691275695407 6026087059574343539 0
appearance 1872248507717363237 7604245691275695407 6026085960062715328 0
appearance 1872248507717363237 7604245691275695407 6026093656644112805 0
appearance 1872248507717363237 7604245691275695407 6026092557132484594 0
appearance 1872248507717363237 7604246790787323618 6026088159085971750 0
appearance 1872248507717363237 7604246790787323618 6026087059574343539 0
appearance 1872248507717363237 7604246790787323618 6026085960062715328 0
appearance 1872248507717363237 7604246790787323618 6026093656644112805 0
appearance 1872248507717363237 7604246790787323618 6026092557132484594 0
appearance 1872248507717363237 7604247890298951829 6026088159085971750 0
appearance 1872248507717363237 7604247890298951829 6026087059574343539 0
appearance 1872248507717363237 7604247890298951829 6026085960062715328 0
appearance 1872248507717363237 7604247890298951829 6026093656644112805 0
appearance 1872248507717363237 7604247890298951829 6026092557132484594 0
appearance 17942217688592083112 9239668627482225615 809175792342020557 1
appearance 17942217688592083112 9239668627482225615 809172493807135924 1
appearance 17942217688592083112 9239668627482225615 809173593318764135 1
appearance 17942217688592083112 9239668627482225615 809170294783879502 1
appearance 17942217688592083112 9239668627482225615 809171394295507713 1
appearance 17942217688592083112 9239669726993853826 809175792342020557 1
appearance 17942217688592083112 9239669726993853826 809172493807135924 1
appearance 17942217688592083112 9239669726993853826 809173593318764135 1
appearance 17942217688592083112 9239669726993853826 809170294783879502 1
appearance 17942217688592083112 9239669726993853826 809171394295507713 1
appearance 17942217688592083112 9239670826505482037 809175792342020557 1
appearance 17942217688592083112 9239670826505482037 809172493807135924 1
appearance 17942217688592083112 9239670826505482037 809173593318764135 1
appearance 17942217688592083112 9239670826505482037 809170294783879502 1
appearance 17942217688592083112 9239670826505482037 809171394295507713 1
appearance 17942217688592083112 9239663129924084560 809175792342020557 1
appearance 17942217688592083112 9239663129924084560 809172493807135924 1
appearance 17942217688592083112 9239663129924084560 809173593318764135 1
appearance 17942217688592083112 9239663129924084560 809170294783879502 1
appearance 17942217688592083112 9239663129924084560 809171394295507713 1
appearance 17942217688592083112 9239664229435712771 809175792342020557 1
appearance 17942217688592083112 9239664229435712771 809172493807135924 1
appearance 17942217688592083112 9239664229435712771 809173593318764135 1
appearance 17942217688592083112 9239664229435712771 809170294783879502 1
appearance 17942217688592083112 9239664229435712771 809171394295507713 1
appearance 17942217688592083112 9239665328947340982 809175792342020557 1
appearance 17942217688592083112 9239665328947340982 809172493807135924 1
appearance 17942217688592083112 9239665328947340982 809173593318764135 1
appearance 17942217688592083112 9239665328947340982 809170294783879502 1
appearance 17942217688592083112 9239665328947340982 809171394295507713 1
appearance 17942217688592083112 2667393319995141811 16127676387377458133 0
appearance 17942217688592083112 2667393319995141811 16127673088842573500 0
appearance 17942217688592083112 2667393319995141811 16127675287865829922 0
appearance 17942217688592083112 2667393319995141811 16127669790307688867 0
appearance 17942217688592083112 2667394419506770022 16127676387377458133 0
appearance 17942217688592083112 2667394419506770022 16127673088842573500 0
appearance 17942217688592083112 2667394419506770022 16127675287865829922 0
appearance 17942217688592083112 2667394419506770022 16127669790307688867 0
appearance 17942217688592083112 2667392220483513600 16127676387377458133 0
appearance 17942217688592083112 2667392220483513600 16127673088842573500 0
appearance 17942217688592083112 2667392220483513600 16127675287865829922 0
appearance 17942217688592083112 2667392220483513600 16127669790307688867 0
appearance 17942217688592083112 2667399917064911077 16127676387377458133 0
appearance 17942217688592083112 2667399917064911077 16127673088842573500 0
appearance 17942217688592083112 2667399917064911077 16127675287865829922 0
appearance 17942217688592083112 2667399917064911077 16127669790307688867 0
appearance 17942217688592083112 2667398817553282866 16127676387377458133 0
appearance 17942217688592083112 2667398817553282866 16127673088842573500 0
appearance 17942217688592083112 2667398817553282866 16127675287865829922 0
appearance 17942217688592083112 2667398817553282866 16127669790307688867 0
appearance 17942217688592083112 2667397718041654655 16127676387377458133 0
appearance 17942217688592083112 2667397718041654655 16127673088842573500 0
appearance 17942217688592083112 2667397718041654655 16127675287865829922 0
appearance 17942217688592083112 2667397718041654655 16127669790307688867 0
appearance 3835026611980321777 11922599861561243650 5519618142425486059 1
appearance 3835026611980321777 11922599861561243650 5519617042913857848 1
appearance 3835026611980321777 11922599861561243650 5519620341448742481 1
appearance 3835026611980321777 11922599861561243650 5519619241937114270 1
appearance 3835026611980321777 11922599861561243650 5519622540471998903 1
appearance 3835026611980321777 11922599861561243650 5519621440960370692 1
appearance 3835026611980321777 11922599861561243650 5519624739495255325 1
appearance 3835026611980321777 11922597662537987228 5519618142425486059 1
appearance 3835026611980321777 11922597662537987228 5519617042913857848 1
appearance 3835026611980321777 11922597662537987228 5519620341448742481 1
appearance 3835026611980321777 11922597662537987228 5519619241937114270 1
appearance 3835026611980321777 11922597662537987228 5519622540471998903 1
appearance 3835026611980321777 11922597662537987228 5519621440960370692 1
appearance 3835026611980321777 11922597662537987228 5519624739495255325 1
appearance 3835026611980321777 11922598762049615439 5519618142425486059 1
appearance 3835026611980321777 11922598762049615439 5519617042913857848 1
appearance 3835026611980321777 11922598762049615439 5519620341448742481 1
appearance 3835026611980321777 11922598762049615439 5519619241937114270 1
appearance 3835026611980321777 11922598762049615439 5519622540471998903 1
appearance 3835026611980321777 11922598762049615439 5519621440960370692 1
appearance 3835026611980321777 11922598762049615439 5519624739495255325 1
appearance 3835026611980321777 11922596563026359017 5519618142425486059 1
appearance 3835026611980321777 11922596563026359017 5519617042913857848 1
appearance 3835026611980321777 11922596563026359017 5519620341448742481 1
appearance 3835026611980321777 11922596563026359017 5519619241937114270 1
appearance 3835026611980321777 11922596563026359017 5519622540471998903 1
appearance 3835026611980321777 11922596563026359017 5519621440960370692 1
appearance 3835026611980321777 11922596563026359017 5519624739495255325 1
appearance 3835026611980321777 11922595463514730806 5519618142425486059 1
appearance 3835026611980321777 11922595463514730806 5519617042913857848 1
appearance 3835026611980321777 11922595463514730806 5519620341448742481 1
appearance 3835026611980321777 11922595463514730806 5519619241937114270 1
appearance 3835026611980321777 11922595463514730806 5519622540471998903 1
appearance 3835026611980321777 11922595463514730806 5519621440960370692 1
appearance 3835026611980321777 11922595463514730806 5519624739495255325 1
appearance 3835026611980321777 11922594364003102595 5519618142425486059 1
appearance 3835026611980321777 11922594364003102595 5519617042913857848 1
appearance 3835026611980321777 11922594364003102595 5519620341448742481 1
appearance 3835026611980321777 11922594364003102595 5519619241937114270 1
appearance 3835026611980321777 11922594364003102595 5519622540471998903 1
appearance 3835026611980321777 11922594364003102595 5519621440960370692 1
appearance 3835026611980321777 11922594364003102595 5519624739495255325 1
appearance 3835026611980321777 5058968104910216811 4458898950626898512 0
appearance 3835026611980321777 5058968104910216811 4458902249161783145 0
appearance 3835026611980321777 5058968104910216811 4458900050138526723 0
appearance 3835026611980321777 5058968104910216811 4458905547696667778 0
appearance 3835026611980321777 5058968104910216811 4458906647208295989 0
appearance 3835026611980321777 5058969204421845022 4458898950626898512 0
appearance 3835026611980321777 5058969204421845022 4458902249161783145 0
appearance 3835026611980321777 5058969204421845022 4458900050138526723 0
appearance 3835026611980321777 5058969204421845022 4458905547696667778 0
appearance 3835026611980321777 5058969204421845022 4458906647208295989 0
appearance 3835026611980321777 5058970303933473233 4458898950626898512 0
appearance 3835026611980321777 5058970303933473233 4458902249161783145 0
appearance 3835026611980321777 5058970303933473233 4458900050138526723 0
appearance 3835026611980321777 5058970303933473233 4458905547696667778 0
appearance 3835026611980321777 5058970303933473233 4458906647208295989 0
appearance 3835026611980321777 5058971403445101444 4458898950626898512 0
appearance 3835026611980321777 5058971403445101444 4458902249161783145 0
appearance 3835026611980321777 5058971403445101444 4458900050138526723 0
appearance 3835026611980321777 5058971403445101444 4458905547696667778 0
appearance 3835026611980321777 5058971403445101444 4458906647208295989 0
appearance 3835026611980321777 5058972502956729655 4458898950626898512 0
appearance 3835026611980321777 5058972502956729655 4458902249161783145 0
appearance 3835026611980321777 5058972502956729655 4458900050138526723 0
appearance 3835026611980321777 5058972502956729655 4458905547696667778 0
appearance 3835026611980321777 5058972502956729655 4458906647208295989 0
appearance 3835026611980321777 5058973602468357866 4458898950626898512 0
appearance 3835026611980321777 5058973602468357866 4458902249161783145 0
appearance 3835026611980321777 5058973602468357866 4458900050138526723 0
appearance 3835026611980321777 5058973602468357866 4458905547696667778 0
appearance 3835026611980321777 5058973602468357866 4458906647208295989 0
class 13547919975846885001 0 0 5 1 7 23 6 4 5 2 3 8 0
class 2268505393098709731 1 1 2 9 16 17 22 13 14 10 11 12 15
class 1057872514463661283 2 4 3 23 25 26 24 8 18 19 20 21 22
class 13801338991426952065 0 0 4 20 21 1 23 17 6 2 4 8 0
class 15000797759877472742 2 6 3 24 13 0 17 12 25 19 20 21 22
class 4964166547561227584 1 1 5 12 2 3 23 22 9 13 14 10 11
class 4280861438485673290 0 3 0 15 1 26 2 16 4 5 10 3 0
class 14331287124833682044 0 0 6 15 24 2 9 1 5 6 25 3 0
class 13906364665294198853 0 4 5 23 16 11 21 17 19 5 2 8 0
class 10018269648046607458 0 3 0 17 7 15 19 2 23 5 0 8 21
class 10569166874470016557 0 4 6 0 2 25 8 5 22 24 6 21 26
class 7156682482819414244 2 4 1 18 5 16 0 8 19 23 21 22 20
class 15942089467813503721 2 3 5 25 11 7 26 21 20 8 23 19 17
class 963750128613234558 2 3 2 0 23 21 15 4 26 17 8 20 19
class 14046635513982319693 2 6 5 12 26 22 0 16 25 24 23 15 2
class 11131214495623596058 2 6 1 24 12 2 9 18 25 16 20 5 0
class 9195440821534910520 1 2 6 12 16 17 21 4 15 14 11 26 25
class 9257567243748915281 1 1 0 14 5 23 9 16 11 10 13 6 3
class 15360843664473033710 1 1 3 17 0 4 19 14 13 9 16 21 23
class 9299572542010043018 1 2 5 4 9 16 2 6 0 15 5 10 11
class 1744847927447399357 1 2 4 21 17 10 23 18 14 12 11 19 22
birthsign 15904883304367654179 1 11337664879079810925
birthsign 16399699649400654285 1 9995624692939654603
birthsign 16469913649211131812 1 11700524504753257949
birthsign 4188378474820671203 3 14424046846585462919 12849277065730483602 10063867189895842350
birthsign 2552440679074990491 1 14798082152370639929
birthsign 14938720489329405649 1 9517955504121929855
birthsign 6457660970090026543 2 6457660970090026543 961950134805819747
birthsign 14732776930912235726 2 15057042938686965352 8175485570084525824
birthsign 3331170366073102979 1 15351080762197146756
birthsign 9812862589095483582 2 16724435943027356528 1796200145190826851
birthsign 10775872028017215026 2 775742697284257760 9661697636825218589
birthsign 15901668564912930334 1 11324078452196445710
birthsign 12482881036736991981 1 2341791509912389412
