TES3MP_COMBAT_V5
manifest f69a886749559d3d54e673bd8c05f59c2ddf31feac728c5685eddc8ea341d7b7
seed 14474947440507032443
settings 0.200000003 2 0 0.25 0.100000001 0.5 0.100000001 0.100000001 0.5 0.100000001 4 1.5 1.25 0.5 2.5 0.0199999996 0.0399999991 5 -90 30 1 1 1.25 10 50 4 0 1 30 0.100000001 0.0649999976 0.25 0 0
progression 1.25 1 0.75 0.800000012 0 2.5 2 0.150000006 0 1 0 1 0 1.20000005 0 1 2 1 2 1 0 1 0 1 1 1
player 30 30 30 1.25 0 0 5 5 5 5 5 100 200 30 5 30 50 0.025 0.0375000015 5 5 5 5 1500 0
actor 1 23 300 8.75 0 0 0 0 0 0 0 0 1
actor_attack 1 20 30 20 1.25 30 300 1 2 1 2 1 2 1 70
weapon 579706974062055657 0 4 5 4 5 5 5 3 1 1
armor 9071396267722241944 0 10
